Layer_1:dense
Input_shape:1	1	9
Output_shape:1	1	10
Bias:1
Optimization algorithm:sgd
Learning rate:0.01
Activation:relu
Drop-out:0
Seed:5
Weights_1:
0.0844727	0.0748329	0.0754568	0.0734566	0.0741457	0.0754618	0.0767402	0.0752735	0.0757882	0.0760011
0.0489096	0.0399784	0.0405851	0.0387035	0.0393443	0.0405904	0.0417743	0.0404334	0.0409017	0.0410946
0.117238	0.106945	0.107585	0.105475	0.106209	0.10759	0.108955	0.107372	0.10793	0.108161
0.0816746	0.0720905	0.0727131	0.0707222	0.0714075	0.0727181	0.0739891	0.0725323	0.0730434	0.0732546
0.0461114	0.0372361	0.0378414	0.0359691	0.0366061	0.0378467	0.0390231	0.0376921	0.0381568	0.0383482
0.11444	0.104203	0.104841	0.102741	0.103471	0.104846	0.106204	0.104631	0.105185	0.105415
0.0788764	0.0693481	0.0699694	0.0679878	0.0686693	0.0699744	0.071238	0.069791	0.0702985	0.0705082
0.0433133	0.0344937	0.0350977	0.0332347	0.0338679	0.035103	0.036272	0.0349509	0.0354119	0.0356017
0.111641	0.10146	0.102097	0.100006	0.100733	0.102102	0.103453	0.10189	0.10244	0.102668
0.0760783	0.0666058	0.0672257	0.0652534	0.0659311	0.0672307	0.0684868	0.0670498	0.0675536	0.0677617
=============================================
Layer_2:dense
Input_shape:1	1	10
Output_shape:1	1	5
Bias:1
Optimization algorithm:sgd
Learning rate:0.01
Activation:relu
Drop-out:0
Seed:5
Weights_1:
0.119918	0.0872969	0.0768407	0.0969305	0.0864742	0.076018	0.0961078	0.0856515	0.0751953	0.0952851	0.0848288
0.0628851	0.0433472	0.0375332	0.0487037	0.0428897	0.0370758	0.0482462	0.0424323	0.0366183	0.0477888	0.0419748
0.172464	0.127789	0.113055	0.141363	0.126629	0.111896	0.140204	0.12547	0.110737	0.139044	0.124311
0.115431	0.0838389	0.073748	0.093136	0.083045	0.072954	0.092342	0.082251	0.0721601	0.091548	0.0814571
0.0583977	0.0398892	0.0344405	0.0449092	0.0394605	0.0340118	0.0444805	0.0390318	0.0335831	0.0440518	0.0386031
=============================================
Layer_3:dense
Input_shape:1	1	5
Output_shape:1	1	9
Bias:1
Optimization algorithm:sgd
Learning rate:0.01
Activation:sigmoid
Drop-out:0
Seed:5
Weights_1:
-0.0237123	0.0279997	0.0464409	0.0110094	0.0294506	0.0478919
0.177412	0.0869534	0.0597912	0.111979	0.0848163	0.057654
-0.186852	-0.0185887	0.0380863	-0.0708046	-0.0141295	0.0425455
-0.0697845	0.0084651	0.0351553	-0.0161251	0.0105651	0.0372553
0.179811	0.0858948	0.0579364	0.111653	0.083695	0.0557366
0.271342	0.159987	0.127915	0.189534	0.157463	0.125392
0.188373	0.107298	0.0842799	0.128505	0.105487	0.0824688
0.241467	0.108877	0.0683456	0.146219	0.105688	0.0651566
0.211549	0.13445	0.113563	0.153694	0.132807	0.11192
=============================================
